time        CPU øC  GPU øC  CPU RPM  GPU RPM
--------------------------------------------
22:26:18        57      55     3993     3593
22:26:19        57      55     4000     3581
22:26:20        57      55     4000     3623
22:26:21        57      55     3993     3593
22:26:22        57      55     4000     3581
22:26:23        57      55     3985     3581
22:26:24        57      55     3985     3599
22:26:25        57      55     4000     3611
22:26:26        57      55     3993     3599
22:26:27        57      55     4000     3599
22:26:28        57      55     3993     3611
22:26:29        57      55     3985     3593
22:26:31        57      55     4015     3605
22:26:32        57      55     4015     3599
22:26:33        57      55     4000     3581
22:26:34        57      55     3993     3581
22:26:35        57      55     4000     3599
22:26:36        57      55     4000     3611
22:26:37        57      55     3985     3599
22:26:38        57      55     3985     3593
22:26:39        57      55     4037     3587
22:26:40        57      55     4022     3617
22:26:41        57      55     4015     3605
22:26:42        57      55     4000     3593
22:26:43        56      55     4000     3623
22:26:44        56      55     3978     3593
22:26:45        56      55     4000     3593
22:26:46        56      55     4000     3593
22:26:47        56      55     4007     3581
22:26:48        56      55     3985     3593
22:26:49        56      55     3993     3617
22:26:50        56      55     3993     3611
22:26:51        56      55     4000     3611
22:26:52        56      55     4015     3611
22:26:53        56      55     4000     3581
22:26:54        56      55     3993     3581
22:26:55        56      55     4015     3611
22:26:56        56      55     4000     3611
22:26:57        56      55     3993     3581
22:26:58        56      55     4015     3599
22:26:59        57      55     4000     3611
22:27:00        57      55     3993     3611
22:27:01        57      55     4000     3581
22:27:02        57      55     3985     3587
22:27:03        57      55     3993     3623
22:27:04        57      55     4000     3623
22:27:05        57      55     4015     3605
22:27:06        57      55     4000     3599
22:27:07        57      55     4000     3611
22:27:08        57      55     4000     3599
22:27:09        57      55     4000     3605
22:27:10        57      55     4000     3581
22:27:11        57      55     4022     3593
22:27:12        57      55     3985     3593
22:27:13        57      55     4000     3593
22:27:14        57      55     3993     3617
22:27:15        55      55     4000     3611
22:27:16        55      55     3850     3428
22:27:17        55      55     3569     3297
22:27:18        55      55     3593     3307
22:27:19        55      55     3611     3307
22:27:20        55      55     3611     3307
22:27:21        55      55     3593     3291
22:27:22        55      55     3605     3312
22:27:23        55      55     3593     3281
22:27:24        55      55     3593     3307
22:27:25        55      55     3593     3297
22:27:26        55      55     3581     3312
22:27:27        55      55     3581     3281
22:27:28        55      55     3593     3307
22:27:29        55      55     3611     3297
22:27:30        55      55     3599     3307
22:27:31        56      55     3605     3307
22:27:32        56      55     3581     3297
22:27:33        56      55     3593     3307
22:27:34        56      55     3611     3302
22:27:35        56      55     3587     3291
22:27:36        56      55     3581     3307
22:27:37        56      55     3581     3307
22:27:38        56      55     3581     3297
22:27:39        56      55     3581     3307
22:27:41        56      55     3581     3291
22:27:42        56      55     3593     3297
22:27:43        56      55     3599     3297
22:27:44        56      55     3593     3307
22:27:45        56      55     3593     3281
22:27:46        56      55     3593     3302
22:27:47        56      55     3593     3302
22:27:48        54      55     3593     3307
22:27:49        54      55     3605     3302
22:27:50        54      55     3623     3307
22:27:51        54      55     3605     3317
22:27:52        54      55     3611     3297
22:27:53        54      55     3605     3307
22:27:54        54      55     3611     3307
22:27:55        54      55     3605     3281
22:27:56        54      55     3599     3302
22:27:57        54      55     3593     3317
22:27:58        54      55     3623     3317
22:27:59        54      55     3617     3291
22:28:00        54      55     3611     3312
22:28:01        54      55     3575     3307
22:28:02        54      52     3599     3281
22:28:03        54      52     3599     3302
22:28:04        54      50     3599     3302
22:28:05        54      50     3605     3281
22:28:06        54      50     3599     3307
22:28:07        54      51     3605     3317
22:28:08        54      51     3593     3307
22:28:09        54      51     3605     3307
22:28:10        54      51     3623     3297
22:28:11        54      51     3593     3297
22:28:12        54      51     3611     3312
22:28:13        54      51     3599     3307
22:28:14        54      51     3611     3307
22:28:15        54      51     3605     3312
22:28:16        54      51     3605     3312
22:28:17        54      51     3593     3317
22:28:18        54      51     3617     3297
22:28:19        54      51     3623     3327
22:28:20        66      51     3617     3291
22:28:21        66      51     3704     3411
22:28:22        66      50     3978     3692
22:28:23        66      51     4261     3970
22:28:24        66      51     4568     4091
22:28:25        66      51     4728     4091
22:28:26        66      51     4677     4099
22:28:27        66      51     4707     4091
22:28:28        66      51     4697     4114
22:28:29        66      51     4687     4091
22:28:30        66      51     4697     4091
22:28:31        66      51     4677     4091
22:28:32        66      51     4728     4107
22:28:33        66      51     4697     4107
22:28:34        66      51     4707     4107
22:28:35        66      51     4707     4114
22:28:36        61      51     4728     4091
22:28:37        61      51     4587     4007
22:28:38        61      51     4356     3763
22:28:39        61      51     4400     3823
22:28:40        61      51     4373     3796
22:28:41        61      51     4373     3829
22:28:42        61      51     4373     3809
22:28:43        61      51     4400     3802
22:28:44        61      51     4400     3816
22:28:45        61      51     4409     3802
22:28:46        61      51     4400     3782
22:28:47        61      51     4400     3769
22:28:48        61      51     4409     3796
22:28:49        61      51     4400     3809
22:28:50        61      51     4409     3796
22:28:51        61      51     4400     3769
22:28:52        61      51     4427     3782
22:28:53        61      51     4400     3802
22:28:55        61      51     4409     3796
22:28:56        61      51     4409     3796
22:28:57        61      51     4391     3789
22:28:58        61      51     4400     3796
22:28:59        61      51     4409     3796
22:29:00        61      51     4418     3809
22:29:01        61      51     4418     3823
22:29:02        61      51     4400     3816
22:29:03        61      51     4391     3796
22:29:04        61      51     4382     3782
22:29:05        61      51     4391     3796
22:29:06        61      51     4400     3796
22:29:07        61      51     4382     3816
22:29:08        61      51     4400     3809
22:29:09        53      50     4409     3816
22:29:10        53      50     4203     3648
22:29:11        53      50     3934     3374
22:29:12        53      50     3648     3297
22:29:13        53      50     3623     3297
22:29:14        53      50     3623     3297
22:29:15        53      50     3593     3307
22:29:16        53      50     3581     3317
22:29:17        53      50     3611     3297
22:29:18        53      50     3593     3286
22:29:19        53      50     3593     3307
22:29:20        53      50     3593     3307
22:29:21        53      50     3617     3307
22:29:22        53      50     3605     3307
22:29:23        53      50     3593     3286
22:29:24        53      50     3605     3286
22:29:25        53      50     3593     3307
22:29:26        53      50     3617     3307
22:29:27        53      50     3593     3281
22:29:28        53      50     3623     3281
22:29:29        53      50     3605     3307
22:29:30        53      50     3605     3307
22:29:31        53      50     3611     3281
22:29:32        53      50     3611     3272
22:29:33        53      50     3593     3272
22:29:34        53      50     3581     3307
22:29:35        53      50     3605     3291
22:29:36        53      50     3593     3297
22:29:37        53      50     3593     3307
22:29:38        53      50     3611     3302
22:29:39        53      50     3593     3286
22:29:40        53      50     3611     3307
22:29:41        51      50     3617     3307
22:29:42        51      50     3593     3291
22:29:43        51      50     3569     3307
22:29:44        51      50     3593     3281
22:29:45        51      50     3581     3317
22:29:46        51      50     3617     3307
22:29:47        51      50     3593     3317
22:29:48        51      50     3605     3297
22:29:49        51      50     3593     3291
22:29:50        51      50     3623     3307
22:29:51        51      50     3605     3317
22:29:52        51      50     3611     3286
22:29:53        51      50     3605     3307
22:29:54        51      50     3593     3307
22:29:55        51      50     3605     3297
22:29:56        51      50     3593     3307
22:29:57        51      50     3623     3307
22:29:58        51      50     3593     3281
22:30:00        51      50     3569     3307
22:30:01        51      50     3599     3281
22:30:02        51      50     3593     3317
22:30:03        51      50     3611     3297
22:30:04        51      49     3617     3307
22:30:05        51      49     3593     3286
22:30:06        51      48     3611     3307
22:30:07        51      48     3581     3286
22:30:08        51      48     3617     3286
22:30:09        51      48     3593     3281
22:30:10        51      48     3587     3297
22:30:11        51      48     3623     3297
22:30:12        51      48     3605     3307
22:30:13        51      48     3599     3291
22:30:14        50      48     3593     3297
22:30:15        50      48     3581     3307
22:30:16        50      48     3593     3297
22:30:17        50      48     3605     3317
22:30:18        50      48     3605     3307
22:30:19        50      48     3593     3297
22:30:20        50      48     3623     3297
22:30:21        50      48     3617     3286
22:30:22        50      48     3605     3307
22:30:23        50      48     3605     3332
22:30:24        50      48     3581     3317
22:30:25        50      48     3575     3317
22:30:26        50      48     3587     3317
22:30:27        50      48     3605     3307
22:30:28        50      48     3593     3297
22:30:29        49      48     3611     3291
22:30:30        49      48     3605     3281
22:30:31        49      48     3605     3297
22:30:32        49      48     3581     3291
22:30:33        49      48     3593     3297
22:30:34        49      48     3605     3307
22:30:35        49      48     3605     3317
22:30:36        49      48     3605     3291
22:30:37        49      48     3623     3302
22:30:38        49      48     3605     3291
22:30:39        49      48     3605     3281
22:30:40        49      48     3593     3307
22:30:41        49      48     3599     3302
22:30:42        49      48     3623     3297
22:30:43        49      48     3605     3286
22:30:44        49      48     3605     3297
22:30:45        49      48     3605     3307
22:30:46        49      48     3605     3297
22:30:47        49      48     3593     3307
22:30:48        49      48     3593     3291
22:30:49        49      48     3593     3307
22:30:50        49      48     3593     3297
22:30:51        49      48     3581     3297
22:30:52        49      48     3593     3322
22:30:53        49      48     3605     3297
22:30:54        49      48     3611     3286
22:30:55        49      48     3605     3307
22:30:56        49      48     3593     3291
22:30:57        49      48     3569     3291
22:30:58        49      48     3581     3286
22:30:59        49      48     3599     3307
22:31:00        49      48     3605     3297
22:31:01        49      48     3593     3332
22:31:02        49      48     3611     3322
22:31:04        49      48     3593     3286
22:31:05        49      48     3623     3286
22:31:06        49      48     3581     3307
22:31:07        49      48     3581     3297
22:31:08        49      48     3605     3281
22:31:09        49      48     3593     3291
22:31:10        49      48     3611     3297
22:31:11        49      48     3611     3332
22:31:12        49      48     3593     3317
22:31:13        49      48     3593     3281
22:31:14        49      48     3593     3322
22:31:15        49      48     3599     3327
22:31:16        49      48     3617     3317
22:31:17        49      48     3599     3317
22:31:18        48      48     3581     3307
22:31:19        48      48     3623     3307
22:31:20        48      48     3623     3307
22:31:21        48      48     3605     3307
22:31:22        48      48     3599     3317
22:31:23        48      48     3617     3317
22:31:24        48      48     3599     3297
22:31:25        48      48     3593     3312
22:31:26        48      48     3617     3297
22:31:27        48      48     3593     3291
22:31:28        48      48     3593     3302
22:31:29        48      48     3587     3286
22:31:30        48      48     3581     3291
22:31:31        48      48     3611     3307
22:31:32        48      48     3605     3307
22:31:33        48      48     3593     3297
22:31:34        48      48     3617     3327
22:31:35        48      48     3599     3286
22:31:36        48      48     3599     3297
22:31:37        48      48     3617     3286
22:31:38        48      48     3605     3317
22:31:39        48      48     3611     3307
22:31:40        48      48     3617     3307
22:31:41        48      48     3605     3297
22:31:42        48      48     3593     3307
22:31:43        48      48     3593     3281
22:31:44        48      48     3599     3302
22:31:45        48      48     3605     3297
22:31:46        48      48     3611     3302
22:31:47        48      48     3605     3286
22:31:48        48      48     3599     3307
22:31:49        48      48     3593     3297
22:31:50        47      48     3623     3307
22:31:51        47      48     3593     3291
22:31:52        47      48     3611     3312
22:31:53        47      48     3623     3307
22:31:54        47      48     3581     3281
22:31:55        47      48     3593     3317
22:31:56        47      48     3593     3291
22:31:57        47      48     3605     3307
22:31:58        47      48     3611     3307
22:31:59        47      48     3593     3291
22:32:00        47      48     3611     3307
22:32:01        47      48     3581     3307
22:32:02        47      48     3605     3307
22:32:03        47      48     3605     3307
22:32:04        47      48     3599     3317
22:32:05        47      48     3611     3281
22:32:06        47      48     3605     3317
22:32:08        47      48     3605     3307
22:32:09        47      48     3617     3297
22:32:10        47      48     3611     3317
22:32:11        47      48     3593     3307
22:32:12        47      48     3569     3322
22:32:13        47      48     3569     3317
22:32:14        47      48     3611     3307
22:32:15        47      48     3605     3291
22:32:16        47      48     3581     3302
22:32:17        47      48     3593     3302
22:32:18        47      48     3611     3297
22:32:19        47      48     3623     3302
22:32:20        47      48     3581     3307
22:32:21        47      48     3605     3297
22:32:22        47      48     3599     3281
22:32:23        47      48     3599     3307
22:32:24        47      48     3599     3291
22:32:25        47      48     3593     3317
22:32:26        47      48     3593     3297
22:32:27        47      48     3605     3297
22:32:28        47      48     3605     3291
22:32:29        47      48     3581     3307
22:32:30        47      48     3593     3307
22:32:31        47      48     3605     3281
22:32:32        47      48     3581     3291
22:32:33        47      48     3611     3297
22:32:34        47      48     3605     3297
22:32:35        47      48     3593     3307
22:32:36        47      48     3593     3291
22:32:37        47      48     3623     3302
22:32:38        47      48     3623     3297
22:32:39        47      48     3593     3297
22:32:40        47      48     3593     3312
22:32:41        47      48     3605     3307
22:32:42        47      48     3581     3307
22:32:43        47      48     3552     3307
22:32:44        47      48     3593     3297
22:32:45        47      48     3605     3307
22:32:46        47      48     3581     3297
22:32:47        47      48     3605     3281
22:32:48        47      48     3611     3307
22:32:49        47      48     3599     3317
22:32:50        47      48     3593     3317
22:32:51        47      48     3593     3286
22:32:52        47      48     3611     3302
22:32:53        47      48     3593     3307
22:32:54        47      48     3593     3291
22:32:55        46      48     3623     3281
22:32:56        46      48     3605     3272
22:32:57        46      48     3611     3291
22:32:58        46      48     3617     3327
22:32:59        46      48     3599     3297
22:33:00        46      48     3593     3327
22:33:01        46      48     3587     3307
22:33:02        46      48     3593     3297
22:33:03        46      48     3605     3281
22:33:04        46      48     3617     3297
22:33:05        46      48     3605     3307
22:33:06        46      48     3617     3281
22:33:07        46      48     3617     3302
22:33:08        46      48     3587     3297
22:33:09        46      48     3575     3291
22:33:10        46      48     3605     3297
22:33:11        46      48     3623     3291
22:33:12        46      48     3611     3307
22:33:13        46      48     3581     3291
22:33:15        46      48     3605     3291
22:33:16        46      48     3623     3307
22:33:17        46      48     3593     3302
22:33:18        46      48     3581     3317
22:33:19        46      48     3587     3307
22:33:20        46      48     3605     3317
22:33:21        46      48     3605     3281
22:33:22        46      48     3587     3307
22:33:23        46      48     3593     3297
22:33:24        46      48     3593     3317
22:33:25        46      48     3593     3317
22:33:26        46      48     3605     3291
22:33:27        46      48     3605     3317
22:33:28        46      48     3617     3281
22:33:29        46      48     3611     3291
22:33:30        46      48     3611     3307
22:33:31        46      48     3593     3297
22:33:32        46      48     3593     3267
22:33:33        46      48     3617     3307
22:33:34        46      48     3593     3281
22:33:35        46      48     3617     3291
22:33:36        46      48     3605     3291
22:33:37        46      48     3593     3317
22:33:38        46      48     3605     3317
22:33:39        46      48     3605     3291
22:33:40        46      48     3593     3297
22:33:41        46      48     3605     3297
22:33:42        46      48     3593     3302
22:33:43        46      48     3593     3286
22:33:44        46      48     3605     3291
22:33:45        46      48     3617     3332
22:33:46        46      48     3593     3281
22:33:47        46      48     3611     3281
22:33:48        46      48     3593     3291
22:33:49        46      48     3611     3291
22:33:50        46      48     3599     3291
22:33:51        46      48     3611     3317
22:33:52        46      48     3575     3297
22:33:53        46      48     3611     3297
22:33:54        46      48     3593     3307
22:33:55        46      48     3581     3281
22:33:56        46      48     3593     3307
22:33:57        46      48     3581     3291
22:33:58        46      48     3605     3281
22:33:59        46      48     3593     3281
22:34:00        45      48     3605     3317
22:34:01        45      48     3593     3307
22:34:02        45      48     3581     3291
22:34:03        45      48     3593     3307
22:34:04        45      48     3605     3281
22:34:05        45      48     3593     3291
22:34:06        45      48     3605     3317
22:34:07        45      48     3593     3291
22:34:08        45      48     3605     3281
22:34:09        45      48     3605     3307
22:34:10        45      48     3611     3291
22:34:11        45      48     3599     3317
22:34:12        45      48     3605     3302
22:34:13        45      48     3611     3291
22:34:14        45      48     3611     3307
22:34:15        45      48     3605     3302
22:34:16        45      48     3605     3302
22:34:17        45      48     3605     3317
