time        CPU °C  GPU °C  CPU RPM  GPU RPM
--------------------------------------------
21:42:37        62      60     4400     3829
21:42:38        62      60     4400     3816
21:42:39        62      60     4418     3802
21:42:40        62      60     4382     3782
21:42:41        62      60     4400     3782
21:42:42        62      60     4400     3776
21:42:44        62      60     4400     3789
21:42:45        62      61     4391     3782
21:42:46        62      61     4400     3789
21:42:47        62      61     4382     3802
21:42:48        62      61     4400     3769
21:42:49        62      61     4400     3782
21:42:50        62      61     4373     3809
21:42:51        65      61     4400     3789
21:42:52        65      61     4529     3878
21:42:53        65      61     4697     4138
21:42:54        65      61     4707     4114
21:42:55        65      61     4728     4114
21:42:56        65      61     4697     4114
21:42:57        65      61     4707     4099
21:42:58        65      61     4687     4099
21:42:59        65      61     4697     4122
21:43:00        65      61     4707     4099
21:43:01        65      61     4677     4099
21:43:02        65      61     4697     4091
21:43:03        65      61     4707     4107
21:43:04        65      61     4697     4091
21:43:05        65      61     4697     4130
21:43:06        65      61     4677     4107
21:43:07        64      61     4728     4099
21:43:08        64      61     4677     4099
21:43:09        64      61     4687     4091
21:43:10        64      61     4687     4114
21:43:11        64      61     4687     4099
21:43:12        64      61     4707     4091
21:43:13        64      61     4697     4114
21:43:14        64      61     4707     4099
21:43:15        64      61     4677     4114
21:43:16        64      61     4707     4114
21:43:17        64      61     4687     4114
21:43:18        64      61     4707     4130
21:43:19        64      61     4687     4091
21:43:20        64      61     4687     4091
21:43:21        64      61     4697     4099
21:43:22        64      61     4728     4114
21:43:23        63      61     4707     4114
21:43:24        63      61     4728     4114
21:43:25        63      61     4697     4083
21:43:26        63      61     4657     4099
21:43:27        63      61     4687     4107
21:43:28        63      61     4697     4107
21:43:29        63      61     4707     4091
21:43:30        63      61     4718     4099
21:43:31        63      61     4707     4083
21:43:32        63      61     4707     4099
21:43:33        63      61     4707     4130
21:43:34        63      61     4707     4130
21:43:35        63      61     4707     4122
21:43:36        63      61     4687     4114
21:43:37        63      61     4697     4114
21:43:38        63      61     4667     4091
21:43:39        63      61     4707     4099
21:43:40        63      61     4697     4114
21:43:41        63      61     4697     4114
21:43:42        63      61     4687     4099
21:43:43        63      61     4677     4076
21:43:44        63      61     4707     4099
21:43:45        63      61     4687     4114
21:43:46        63      61     4707     4099
21:43:47        63      61     4687     4130
21:43:48        63      61     4657     4099
21:43:49        63      61     4697     4130
21:43:50        63      61     4707     4091
21:43:51        63      61     4697     4091
21:43:52        63      61     4718     4114
21:43:53        63      61     4697     4130
21:43:55        63      60     4677     4099
21:43:56        61      60     4687     4099
21:43:57        61      60     4617     4083
21:43:58        61      60     4356     3836
21:43:59        61      60     4445     3829
21:44:00        61      60     4418     3816
21:44:01        61      60     4400     3782
21:44:02        61      60     4382     3796
21:44:03        61      60     4400     3802
21:44:04        61      60     4400     3782
21:44:05        61      60     4391     3769
21:44:06        61      60     4382     3776
21:44:07        61      60     4391     3816
21:44:08        61      60     4400     3816
21:44:09        61      60     4382     3816
21:44:10        61      60     4400     3816
21:44:11        61      60     4400     3816
21:44:12        61      60     4391     3782
21:44:13        61      60     4400     3802
21:44:14        61      60     4364     3782
21:44:15        61      60     4400     3809
21:44:16        61      60     4382     3796
21:44:17        61      60     4400     3789
21:44:18        61      60     4391     3802
21:44:19        61      60     4391     3782
21:44:20        61      60     4400     3763
21:44:21        61      60     4400     3796
21:44:22        61      60     4382     3796
21:44:23        61      60     4400     3816
21:44:24        61      60     4400     3809
21:44:25        61      60     4427     3816
21:44:26        61      60     4418     3796
21:44:27        61      60     4382     3782
21:44:28        61      60     4400     3789
21:44:29        61      60     4418     3776
21:44:30        61      60     4382     3796
21:44:31        61      60     4391     3782
21:44:32        61      60     4409     3796
21:44:33        61      60     4382     3816
21:44:34        61      60     4382     3829
21:44:35        61      60     4364     3796
21:44:36        61      60     4382     3789
21:44:37        61      60     4418     3796
21:44:38        61      60     4382     3816
21:44:39        61      60     4391     3802
21:44:40        61      60     4409     3829
21:44:41        61      60     4391     3816
21:44:42        61      60     4400     3789
21:44:43        61      60     4400     3796
21:44:44        61      60     4409     3802
21:44:45        61      60     4400     3782
21:44:46        61      60     4382     3802
21:44:47        61      60     4382     3802
21:44:48        61      60     4364     3816
21:44:49        61      60     4400     3802
21:44:50        61      60     4382     3802
21:44:51        61      60     4400     3789
21:44:52        61      60     4391     3789
21:44:53        61      60     4391     3769
21:44:54        61      60     4400     3782
21:44:55        61      60     4400     3782
21:44:56        61      60     4418     3796
21:44:57        61      60     4427     3796
21:44:58        61      60     4400     3782
21:44:59        61      60     4400     3782
21:45:00        61      60     4418     3769
21:45:01        61      60     4400     3769
21:45:02        61      60     4400     3816
21:45:03        61      60     4400     3816
21:45:04        61      60     4427     3829
21:45:05        61      60     4409     3816
21:45:06        61      60     4382     3829
21:45:07        61      60     4400     3829
21:45:09        61      60     4382     3796
21:45:10        61      60     4400     3829
21:45:11        61      60     4391     3802
21:45:12        61      60     4382     3816
21:45:13        61      60     4400     3782
21:45:14        61      60     4391     3796
21:45:15        61      60     4391     3796
21:45:16        61      60     4382     3782
21:45:17        61      60     4400     3782
21:45:18        61      60     4409     3816
21:45:19        61      60     4400     3816
21:45:20        61      60     4409     3809
21:45:21        61      60     4400     3802
21:45:22        61      60     4391     3802
21:45:23        61      60     4400     3802
21:45:24        61      60     4409     3796
21:45:25        61      60     4391     3802
21:45:26        61      60     4382     3769
21:45:27        61      60     4391     3782
21:45:28        61      60     4409     3796
21:45:29        61      60     4391     3802
21:45:30        61      60     4409     3809
21:45:31        61      60     4400     3816
21:45:32        61      60     4382     3802
21:45:33        61      60     4400     3802
21:45:34        61      60     4382     3802
21:45:35        61      60     4409     3802
21:45:36        61      60     4400     3802
21:45:37        61      60     4400     3802
21:45:38        61      60     4391     3816
21:45:39        61      60     4400     3829
21:45:40        61      60     4400     3816
21:45:41        61      60     4382     3802
21:45:42        61      60     4400     3802
21:45:43        61      60     4400     3769
21:45:44        61      60     4400     3816
21:45:45        61      60     4391     3796
21:45:46        61      60     4391     3829
21:45:47        61      60     4400     3816
21:45:48        61      60     4409     3782
21:45:49        61      60     4418     3802
21:45:50        61      60     4418     3809
21:45:51        61      60     4400     3782
21:45:52        61      60     4382     3802
21:45:53        61      60     4382     3782
21:45:54        61      60     4400     3796
21:45:55        61      60     4382     3782
21:45:56        61      60     4382     3802
21:45:57        61      60     4400     3816
21:45:58        61      60     4382     3816
21:45:59        61      60     4364     3796
21:46:00        61      60     4382     3802
21:46:01        61      60     4409     3816
21:46:02        61      60     4409     3816
21:46:03        61      60     4409     3802
21:46:04        61      60     4400     3782
21:46:05        61      60     4391     3782
21:46:06        61      60     4382     3816
21:46:07        61      60     4382     3816
21:46:08        61      60     4382     3782
21:46:09        61      60     4418     3802
21:46:10        61      60     4391     3829
21:46:11        61      60     4391     3816
21:46:12        61      60     4409     3829
21:46:13        61      60     4382     3816
21:46:14        61      60     4364     3802
21:46:15        61      60     4409     3782
21:46:16        61      60     4400     3782
21:46:17        61      60     4382     3809
21:46:18        61      60     4427     3769
21:46:19        61      60     4382     3802
21:46:20        61      60     4391     3802
21:46:22        62      60     4418     3802
21:46:23        62      60     4400     3796
21:46:24        62      60     4391     3769
21:46:25        62      60     4427     3796
21:46:26        62      60     4418     3809
21:46:27        62      60     4400     3802
21:46:28        62      60     4391     3802
21:46:29        62      60     4391     3816
21:46:30        62      60     4427     3796
21:46:31        62      60     4418     3802
21:46:32        62      60     4418     3782
21:46:33        62      60     4418     3796
21:46:34        62      60     4400     3789
21:46:35        62      60     4391     3802
21:46:36        62      60     4400     3789
21:46:37        62      60     4373     3796
21:46:38        61      60     4400     3829
21:46:39        61      60     4400     3802
21:46:40        61      60     4409     3796
21:46:41        61      60     4391     3769
21:46:42        61      60     4400     3802
21:46:43        61      60     4391     3796
21:46:44        61      60     4418     3782
21:46:45        61      60     4409     3802
21:46:46        61      60     4409     3796
21:46:47        61      60     4400     3809
21:46:48        61      60     4400     3796
21:46:49        61      60     4409     3796
21:46:50        61      60     4400     3789
21:46:51        61      60     4409     3769
21:46:52        61      60     4382     3769
21:46:53        61      60     4400     3802
21:46:54        61      60     4409     3802
21:46:55        61      60     4400     3802
21:46:56        61      60     4391     3782
21:46:57        61      60     4382     3802
21:46:58        61      60     4391     3789
21:46:59        61      60     4409     3782
21:47:00        61      60     4400     3809
21:47:01        61      60     4400     3796
21:47:02        61      60     4409     3796
21:47:03        61      60     4418     3796
21:47:04        61      60     4400     3816
21:47:05        61      60     4427     3802
21:47:06        61      60     4409     3789
21:47:07        61      60     4400     3802
21:47:08        61      60     4400     3796
21:47:09        61      60     4409     3796
21:47:10        61      60     4409     3782
21:47:11        61      60     4418     3802
21:47:12        61      60     4391     3782
21:47:13        61      60     4400     3796
21:47:14        61      60     4427     3816
21:47:15        61      60     4400     3816
21:47:16        61      60     4409     3802
21:47:17        61      60     4400     3802
21:47:18        61      60     4409     3796
21:47:19        61      60     4418     3816
21:47:20        61      60     4418     3802
21:47:21        61      60     4400     3796
21:47:22        61      60     4400     3816
21:47:23        61      60     4427     3802
21:47:24        61      60     4409     3789
21:47:25        61      60     4400     3769
21:47:26        62      60     4382     3802
21:47:27        62      60     4409     3796
21:47:28        62      60     4382     3809
21:47:29        62      60     4382     3789
21:47:30        62      60     4382     3816
21:47:31        62      60     4427     3796
21:47:32        62      61     4400     3802
21:47:33        62      61     4409     3776
21:47:35        62      61     4409     3796
21:47:36        62      61     4391     3816
21:47:37        62      61     4427     3802
21:47:38        62      61     4391     3782
21:47:39        62      61     4382     3796
21:47:40        62      61     4382     3782
21:47:41        62      61     4391     3769
21:47:42        62      61     4382     3782
21:47:43        64      61     4391     3802
21:47:44        64      61     4382     3782
21:47:45        64      61     4418     3782
21:47:46        64      61     4400     3802
21:47:47        64      61     4427     3802
21:47:48        64      61     4400     3796
21:47:49        64      61     4409     3802
21:47:50        64      61     4373     3809
21:47:51        64      61     4382     3802
21:47:52        64      61     4409     3816
21:47:53        64      61     4409     3802
21:47:54        64      61     4400     3796
21:47:55        64      61     4418     3796
21:47:56        64      61     4409     3796
21:47:57        64      61     4418     3789
21:47:58        64      61     4400     3802
21:47:59        63      61     4391     3782
21:48:00        63      61     4409     3776
21:48:01        63      61     4409     3782
21:48:02        63      61     4382     3782
21:48:03        63      61     4391     3796
21:48:04        63      61     4382     3816
21:48:05        63      61     4391     3782
21:48:06        63      61     4382     3769
21:48:07        63      61     4391     3802
21:48:08        63      61     4382     3802
21:48:09        63      61     4400     3782
21:48:10        63      61     4391     3769
21:48:11        63      61     4382     3802
21:48:12        63      61     4391     3829
21:48:13        63      61     4382     3816
21:48:14        63      61     4400     3816
21:48:15        62      61     4409     3802
21:48:16        62      61     4400     3796
21:48:17        62      61     4409     3796
21:48:18        62      61     4427     3809
21:48:19        62      61     4382     3802
21:48:20        62      61     4409     3816
21:48:21        62      61     4391     3796
21:48:22        62      61     4400     3789
21:48:23        62      61     4400     3809
21:48:24        62      61     4382     3802
21:48:25        62      61     4409     3789
21:48:26        62      61     4409     3816
21:48:27        62      61     4409     3796
21:48:28        62      61     4400     3816
21:48:29        62      61     4382     3796
21:48:30        62      61     4382     3802
21:48:31        62      61     4391     3789
21:48:32        62      61     4382     3789
21:48:33        62      61     4391     3782
21:48:34        62      61     4391     3802
21:48:35        62      61     4400     3816
21:48:36        62      61     4409     3802
21:48:37        62      61     4409     3816
21:48:38        62      61     4382     3802
21:48:39        62      61     4400     3782
21:48:40        62      61     4409     3782
21:48:42        62      61     4400     3802
21:48:43        62      61     4409     3816
21:48:44        62      61     4400     3816
21:48:45        62      61     4427     3802
21:48:46        62      61     4409     3829
21:48:47        62      61     4391     3802
21:48:48        62      61     4400     3796
21:48:49        62      61     4409     3769
21:48:50        62      61     4391     3829
21:48:51        62      61     4400     3782
21:48:52        62      61     4409     3796
21:48:53        62      61     4409     3796
21:48:54        62      61     4418     3796
21:48:55        62      61     4409     3782
21:48:56        62      61     4418     3829
21:48:57        62      61     4391     3816
21:48:58        62      61     4409     3816
21:48:59        62      61     4418     3796
21:49:00        62      61     4409     3782
21:49:01        62      61     4409     3782
21:49:02        62      61     4409     3816
21:49:03        62      61     4409     3789
21:49:04        62      61     4400     3776
21:49:05        62      61     4382     3802
21:49:06        62      61     4400     3782
21:49:07        62      61     4391     3816
21:49:08        62      61     4427     3816
21:49:09        62      61     4400     3796
21:49:10        62      61     4409     3809
21:49:11        62      61     4400     3816
21:49:12        62      61     4409     3816
21:49:13        62      61     4409     3816
21:49:14        62      61     4409     3816
21:49:15        62      61     4382     3816
21:49:16        62      61     4427     3816
21:49:17        62      61     4409     3802
21:49:18        62      61     4391     3829
21:49:19        62      61     4400     3816
21:49:20        62      61     4409     3809
21:49:21        62      61     4409     3796
21:49:22        62      61     4382     3796
21:49:23        62      61     4409     3802
21:49:24        62      61     4391     3796
21:49:25        62      61     4400     3802
21:49:26        62      61     4409     3802
21:49:27        62      61     4400     3816
21:49:28        62      61     4382     3802
21:49:29        62      61     4382     3802
21:49:30        62      61     4400     3782
21:49:31        62      61     4409     3782
21:49:32        62      61     4382     3816
21:49:33        62      61     4409     3802
21:49:34        62      61     4382     3816
21:49:35        62      61     4391     3769
21:49:36        64      61     4409     3782
21:49:37        64      61     4400     3802
21:49:38        64      61     4391     3816
21:49:39        64      61     4364     3796
21:49:40        64      61     4391     3802
21:49:41        64      61     4409     3816
21:49:42        64      61     4409     3789
21:49:43        64      61     4400     3802
21:49:44        64      61     4418     3802
21:49:45        64      61     4391     3816
21:49:46        64      61     4382     3796
21:49:48        64      61     4382     3776
21:49:49        64      61     4382     3782
21:49:50        64      61     4400     3796
21:49:51        64      61     4409     3802
21:49:52        64      61     4409     3816
21:49:53        63      61     4391     3816
21:49:54        63      61     4409     3809
21:49:55        63      61     4409     3816
21:49:56        63      61     4400     3802
21:49:57        63      61     4400     3789
21:49:58        63      61     4418     3816
21:49:59        63      61     4409     3796
21:50:00        63      61     4400     3796
21:50:01        63      61     4427     3796
21:50:02        63      61     4400     3782
21:50:03        63      61     4409     3782
21:50:04        63      61     4391     3769
21:50:05        63      61     4409     3769
21:50:06        63      61     4409     3823
21:50:07        63      61     4409     3782
21:50:08        63      61     4400     3796
21:50:09        63      61     4391     3796
21:50:10        63      61     4391     3802
21:50:11        63      61     4409     3809
21:50:12        63      61     4400     3809
21:50:13        63      61     4391     3816
21:50:14        63      61     4400     3802
21:50:15        63      61     4409     3782
21:50:16        63      61     4400     3782
21:50:17        63      61     4409     3802
21:50:18        63      61     4409     3802
21:50:19        63      61     4391     3782
21:50:20        63      61     4400     3829
21:50:21        63      61     4409     3816
21:50:22        63      61     4400     3802
21:50:23        63      61     4400     3809
21:50:24        63      61     4409     3829
21:50:25        63      61     4409     3816
21:50:26        63      61     4409     3802
21:50:27        63      61     4391     3816
21:50:28        63      61     4391     3782
21:50:29        63      61     4382     3796
21:50:30        63      61     4391     3802
21:50:31        63      61     4400     3789
21:50:32        63      61     4382     3782
21:50:33        63      61     4382     3796
21:50:34        63      61     4400     3796
21:50:35        63      61     4427     3789
21:50:36        63      61     4400     3782
21:50:37        63      61     4409     3796
